1024 1024 0.0 0.0 0.0 0.0 0.0 0.0 0.0 0.0 0.0 0.0
0.01999866669333308 0.0001999933334222216 1.9999000008333305 -0.01999866669333308 -0.0001999933334222216 -1.9999000008333305 0.0 0.0 1.0 1.0471975511965976 0.66 0.66
0.08240439610842461 0.0008240714303150519 1.9983014878662038 -0.08240439610842461 -0.0008240714303150519 -1.9983014878662038 0.0 0.0 1.0 1.0471975511965976 0.66 0.66
0.1447298343926574 0.0014473465891345141 1.9947559199622706 -0.1447298343926574 -0.0014473465891345141 -1.9947559199622706 0.0 0.0 1.0 1.0471975511965976 0.66 0.66
0.20691425444702424 0.0020692115186473595 1.9892667517631524 -0.20691425444702424 -0.0020692115186473595 -1.9892667517631524 0.0 0.0 1.0 1.0471975511965976 0.66 0.66
0.2688970665743276 0.00268906030168424 1.9818393316670289 -0.2688970665743276 -0.00268906030168424 -1.9818393316670289 0.0 0.0 1.0 1.0471975511965976 0.66 0.66
0.3306178775150506 0.0033062889855180943 1.9724808966174012 -0.3306178775150506 -0.0033062889855180943 -1.9724808966174012 0.0 0.0 1.0 1.0471975511965976 0.66 0.66
0.3920165492918281 0.003920296170328477 1.9612005650517401 -0.3920165492918281 -0.003920296170328477 -1.9612005650517401 0.0 0.0 1.0 1.0471975511965976 0.66 0.66
0.45303325780518267 0.00453048359517845 1.9480093280168904 -0.45303325780518267 -0.00453048359517845 -1.9480093280168904 0.0 0.0 1.0 1.0471975511965976 0.66 0.66
0.5136085511234313 0.0051362567209330785 1.932920038459891 -0.5136085511234313 -0.0051362567209330785 -1.932920038459891 0.0 0.0 1.0 1.0471975511965976 0.66 0.66
0.5736834074099693 0.005737025309551584 1.915947398704642 -0.5736834074099693 -0.005737025309551584 -1.915947398704642 0.0 0.0 1.0 1.0471975511965976 0.66 0.66
0.6331992924314884 0.006332203999188694 1.8971079461266234 -0.6331992924314884 -0.006332203999188694 -1.8971079461266234 0.0 0.0 1.0 1.0471975511965976 0.66 0.66
0.6920982165910972 0.006921212874544852 1.8764200370396198 -0.6920982165910972 -0.006921212874544852 -1.8764200370396198 0.0 0.0 1.0 1.0471975511965976 0.66 0.66
0.7503227914307705 0.0075034780319095575 1.8539038288101573 -0.7503227914307705 -0.0075034780319095575 -1.8539038288101573 0.0 0.0 1.0 1.0471975511965976 0.66 0.66
0.8078162855480782 0.008078432138347285 1.8295812602170727 -0.8078162855480782 -0.008078432138347285 -1.8295812602170727 0.0 0.0 1.0 1.0471975511965976 0.66 0.66
0.8645226798727074 0.008645514984481134 1.8034760300753558 -0.8645226798727074 -0.008645514984481134 -1.8034760300753558 0.0 0.0 1.0 1.0471975511965976 0.66 0.66
0.9203867222489202 0.009204174030335605 1.775613574145092 -0.9203867222489202 -0.009204174030335605 -1.775613574145092 0.0 0.0 1.0 1.0471975511965976 0.66 0.66
0.9753539812707659 0.009753864943706662 1.746021040348004 -0.9753539812707659 -0.009753864943706662 -1.746021040348004 0.0 0.0 1.0 1.0471975511965976 0.66 0.66
1.0293708993175894 0.0102940521305345 1.7147272623157395 -1.0293708993175894 -0.0102940521305345 -1.7147272623157395 0.0 0.0 1.0 1.0471975511965976 0.66 0.66
1.0823848447381648 0.010824209256762276 1.6817627312956798 -1.0823848447381648 -0.010824209256762276 -1.6817627312956798 0.0 0.0 1.0 1.0471975511965976 0.66 0.66
1.1343441631326039 0.011343819761172285 1.647159566441642 -1.1343441631326039 -0.011343819761172285 -1.647159566441642 0.0 0.0 1.0 1.0471975511965976 0.66 0.66
1.1851982276820778 0.011852377358699954 1.6109514835184233 -1.1851982276820778 -0.011852377358699954 -1.6109514835184233 0.0 0.0 1.0 1.0471975511965976 0.66 0.66
1.2348974884773058 0.012349386533735183 1.5731737620506778 -1.2348974884773058 -0.012349386533735183 -1.5731737620506778 0.0 0.0 1.0 1.0471975511965976 0.66 0.66
1.2833935207977571 0.012834363022930444 1.5338632109481383 -1.2833935207977571 -0.012834363022930444 -1.5338632109481383 0.0 0.0 1.0 1.0471975511965976 0.66 0.66
1.3306390722945152 0.013306834287045155 1.4930581326406716 -1.3306390722945152 -0.013306834287045155 -1.4930581326406716 0.0 0.0 1.0 1.0471975511965976 0.66 0.66
1.3765881090308378 0.01376633997136664 1.4507982857581183 -1.3765881090308378 -0.01376633997136664 -1.4507982857581183 0.0 0.0 1.0 1.0471975511965976 0.66 0.66
1.4211958603355517 0.014212432354259008 1.407124846391274 -1.4211958603355517 -0.014212432354259008 -1.407124846391274 0.0 0.0 1.0 1.0471975511965976 0.66 0.66
1.4644188624255765 0.014644676783402947 1.362080367971762 -1.4644188624255765 -0.014644676783402947 -1.362080367971762 0.0 0.0 1.0 1.0471975511965976 0.66 0.66
1.5062150007550772 0.01506265209930137 1.315708739809886 -1.5062150007550772 -0.01506265209930137 -1.315708739809886 0.0 0.0 1.0 1.0471975511965976 0.66 0.66
1.5465435510499796 0.015465951045638228 1.2680551443308656 -1.5465435510499796 -0.015465951045638228 -1.2680551443308656 0.0 0.0 1.0 1.0471975511965976 0.66 0.66
1.5853652189878698 0.01585418066609075 1.2191660130511146 -1.5853652189878698 -0.01585418066609075 -1.2191660130511146 0.0 0.0 1.0 1.0471975511965976 0.66 0.66
1.6226421784846088 0.016226962687208354 1.1690889813374647 -1.6226421784846088 -0.016226962687208354 -1.1690889813374647 0.0 0.0 1.0 1.0471975511965976 0.66 0.66
1.6583381085503675 0.01658393388698526 1.1178728419934092 -1.6583381085503675 -0.01658393388698526 -1.1178728419934092 0.0 0.0 1.0 1.0471975511965976 0.66 0.66
1.692418228679161 0.01692474644876766 1.0655674977175948 -1.692418228679161 -0.01692474644876766 -1.0655674977175948 0.0 0.0 1.0 1.0471975511965976 0.66 0.66
1.7248493327374066 0.017249068300150567 1.0122239124808798 -1.7248493327374066 -0.017249068300150567 -1.0122239124808798 0.0 0.0 1.0 1.0471975511965976 0.66 0.66
1.7555998213184854 0.017556583436534236 0.9578940618693375 -1.7555998213184854 -0.017556583436534236 -0.9578940618693375 0.0 0.0 1.0 1.0471975511965976 0.66 0.66
1.7846397325317798 0.0178469922290248 0.9026308824415852 -1.7846397325317798 -0.0178469922290248 -0.9026308824415852 0.0 0.0 1.0 1.0471975511965976 0.66 0.66
1.8119407711961892 0.018120011716379145 0.846488220149789 -1.8119407711961892 -0.018120011716379145 -0.846488220149789 0.0 0.0 1.0 1.0471975511965976 0.66 0.66
1.8374763364096804 0.018375375880709616 0.7895207778745925 -1.8374763364096804 -0.018375375880709616 -0.7895207778745925 0.0 0.0 1.0 1.0471975511965976 0.66 0.66
1.8612215474680076 0.018612835906679857 0.7317840621250954 -1.8612215474680076 -0.018612835906679857 -0.7317840621250954 0.0 0.0 1.0 1.0471975511965976 0.66 0.66
1.8831532681073508 0.01883216042393927 0.6733343289558099 -1.8831532681073508 -0.01883216042393927 -0.6733343289558099 0.0 0.0 1.0 1.0471975511965976 0.66 0.66
1.9032501290472466 0.019033135732559846 0.6142285291532986 -1.9032501290472466 -0.019033135732559846 -0.6142285291532986 0.0 0.0 1.0 1.0471975511965976 0.66 0.66
1.9214925488118544 0.019215566011255753 0.5545242527458926 -1.9214925488118544 -0.019215566011255753 -0.5545242527458926 0.0 0.0 1.0 1.0471975511965976 0.66 0.66
1.937862752809263 0.019379273508182783 0.4942796728905612 -1.937862752809263 -0.019379273508182783 -0.4942796728905612 0.0 0.0 1.0 1.0471975511965976 0.66 0.66
1.952344790650253 0.01952409871413173 0.43355348919161146 -1.952344790650253 -0.01952409871413173 -0.43355348919161146 0.0 0.0 1.0 1.0471975511965976 0.66 0.66
1.9649245516896365 0.019649900517946982 0.3724048705064368 -1.9649245516896365 -0.019649900517946982 -0.3724048705064368 0.0 0.0 1.0 1.0471975511965976 0.66 0.66
1.9755897787750345 0.019756556344018867 0.3108933972940488 -1.9755897787750345 -0.019756556344018867 -0.3108933972940488 0.0 0.0 1.0 1.0471975511965976 0.66 0.66
1.9843300801896948 0.019843962271715816 0.2490790035625608 -1.9843300801896948 -0.019843962271715816 -0.2490790035625608 0.0 0.0 1.0 1.0471975511965976 0.66 0.66
1.9911369397777103 0.01991203313663993 0.18702191847219324 -1.9911369397777103 -0.01991203313663993 -0.18702191847219324 0.0 0.0 1.0 1.0471975511965976 0.66 0.66
1.9960037252417802 0.019960702613607342 0.12478260765069232 -1.9960037252417802 -0.019960702613607342 -0.12478260765069232 0.0 0.0 1.0 1.0471975511965976 0.66 0.66
1.9989256946054201 0.01998992328127249 0.06242171427834509 -1.9989256946054201 -0.01998992328127249 -0.06242171427834509 0.0 0.0 1.0 1.0471975511965976 0.66 0.66
1.9999000008333305 0.01999966666833333 -3.2162452993532727e-16 -1.9999000008333305 -0.01999966666833333 3.2162452993532727e-16 0.0 0.0 1.0 1.0471975511965976 0.66 0.66
1.9989256946054201 0.01998992328127249 -0.06242171427834574 -1.9989256946054201 -0.01998992328127249 0.06242171427834574 0.0 0.0 1.0 1.0471975511965976 0.66 0.66
1.9960037252417802 0.019960702613607342 -0.12478260765069252 -1.9960037252417802 -0.019960702613607342 0.12478260765069252 0.0 0.0 1.0 1.0471975511965976 0.66 0.66
1.9911369397777103 0.01991203313663993 -0.1870219184721939 -1.9911369397777103 -0.01991203313663993 0.1870219184721939 0.0 0.0 1.0 1.0471975511965976 0.66 0.66
1.9843300801896946 0.019843962271715816 -0.24907900356256144 -1.9843300801896946 -0.019843962271715816 0.24907900356256144 0.0 0.0 1.0 1.0471975511965976 0.66 0.66
1.9755897787750345 0.019756556344018867 -0.3108933972940494 -1.9755897787750345 -0.019756556344018867 0.3108933972940494 0.0 0.0 1.0 1.0471975511965976 0.66 0.66
1.9649245516896363 0.019649900517946982 -0.3724048705064374 -1.9649245516896363 -0.019649900517946982 0.3724048705064374 0.0 0.0 1.0 1.0471975511965976 0.66 0.66
1.952344790650253 0.01952409871413173 -0.4335534891916121 -1.952344790650253 -0.01952409871413173 0.4335534891916121 0.0 0.0 1.0 1.0471975511965976 0.66 0.66
1.9378627528092627 0.01937927350818278 -0.4942796728905618 -1.9378627528092627 -0.01937927350818278 0.4942796728905618 0.0 0.0 1.0 1.0471975511965976 0.66 0.66
1.9214925488118542 0.01921556601125575 -0.5545242527458928 -1.9214925488118542 -0.01921556601125575 0.5545242527458928 0.0 0.0 1.0 1.0471975511965976 0.66 0.66
1.9032501290472463 0.019033135732559842 -0.6142285291532993 -1.9032501290472463 -0.019033135732559842 0.6142285291532993 0.0 0.0 1.0 1.0471975511965976 0.66 0.66
1.8831532681073506 0.018832160423939266 -0.6733343289558105 -1.8831532681073506 -0.018832160423939266 0.6733343289558105 0.0 0.0 1.0 1.0471975511965976 0.66 0.66
1.8612215474680074 0.018612835906679857 -0.731784062125096 -1.8612215474680074 -0.018612835906679857 0.731784062125096 0.0 0.0 1.0 1.0471975511965976 0.66 0.66
1.8374763364096802 0.018375375880709616 -0.7895207778745931 -1.8374763364096802 -0.018375375880709616 0.7895207778745931 0.0 0.0 1.0 1.0471975511965976 0.66 0.66
1.811940771196189 0.018120011716379142 -0.8464882201497891 -1.811940771196189 -0.018120011716379142 0.8464882201497891 0.0 0.0 1.0 1.0471975511965976 0.66 0.66
1.7846397325317798 0.0178469922290248 -0.902630882441585 -1.7846397325317798 -0.0178469922290248 0.902630882441585 0.0 0.0 1.0 1.0471975511965976 0.66 0.66
1.7555998213184854 0.017556583436534236 -0.9578940618693377 -1.7555998213184854 -0.017556583436534236 0.9578940618693377 0.0 0.0 1.0 1.0471975511965976 0.66 0.66
1.7248493327374066 0.017249068300150567 -1.01222391248088 -1.7248493327374066 -0.017249068300150567 1.01222391248088 0.0 0.0 1.0 1.0471975511965976 0.66 0.66
1.692418228679161 0.01692474644876766 -1.0655674977175946 -1.692418228679161 -0.01692474644876766 1.0655674977175946 0.0 0.0 1.0 1.0471975511965976 0.66 0.66
1.6583381085503672 0.016583933886985258 -1.1178728419934094 -1.6583381085503672 -0.016583933886985258 1.1178728419934094 0.0 0.0 1.0 1.0471975511965976 0.66 0.66
1.6226421784846088 0.016226962687208354 -1.1690889813374647 -1.6226421784846088 -0.016226962687208354 1.1690889813374647 0.0 0.0 1.0 1.0471975511965976 0.66 0.66
1.5853652189878693 0.015854180666090747 -1.2191660130511153 -1.5853652189878693 -0.015854180666090747 1.2191660130511153 0.0 0.0 1.0 1.0471975511965976 0.66 0.66
1.5465435510499796 0.015465951045638228 -1.2680551443308659 -1.5465435510499796 -0.015465951045638228 1.2680551443308659 0.0 0.0 1.0 1.0471975511965976 0.66 0.66
1.5062150007550772 0.01506265209930137 -1.315708739809886 -1.5062150007550772 -0.01506265209930137 1.315708739809886 0.0 0.0 1.0 1.0471975511965976 0.66 0.66
1.4644188624255763 0.014644676783402946 -1.3620803679717621 -1.4644188624255763 -0.014644676783402946 1.3620803679717621 0.0 0.0 1.0 1.0471975511965976 0.66 0.66
1.4211958603355517 0.014212432354259008 -1.407124846391274 -1.4211958603355517 -0.014212432354259008 1.407124846391274 0.0 0.0 1.0 1.0471975511965976 0.66 0.66
1.3765881090308378 0.01376633997136664 -1.4507982857581183 -1.3765881090308378 -0.01376633997136664 1.4507982857581183 0.0 0.0 1.0 1.0471975511965976 0.66 0.66
1.3306390722945147 0.01330683428704515 -1.493058132640672 -1.3306390722945147 -0.01330683428704515 1.493058132640672 0.0 0.0 1.0 1.0471975511965976 0.66 0.66
1.283393520797757 0.01283436302293044 -1.5338632109481383 -1.283393520797757 -0.01283436302293044 1.5338632109481383 0.0 0.0 1.0 1.0471975511965976 0.66 0.66
1.2348974884773058 0.012349386533735183 -1.5731737620506778 -1.2348974884773058 -0.012349386533735183 1.5731737620506778 0.0 0.0 1.0 1.0471975511965976 0.66 0.66
1.1851982276820774 0.01185237735869995 -1.6109514835184235 -1.1851982276820774 -0.01185237735869995 1.6109514835184235 0.0 0.0 1.0 1.0471975511965976 0.66 0.66
1.1343441631326039 0.011343819761172285 -1.647159566441642 -1.1343441631326039 -0.011343819761172285 1.647159566441642 0.0 0.0 1.0 1.0471975511965976 0.66 0.66
1.082384844738165 0.010824209256762278 -1.6817627312956795 -1.082384844738165 -0.010824209256762278 1.6817627312956795 0.0 0.0 1.0 1.0471975511965976 0.66 0.66
1.0293708993175892 0.010294052130534498 -1.7147272623157397 -1.0293708993175892 -0.010294052130534498 1.7147272623157397 0.0 0.0 1.0 1.0471975511965976 0.66 0.66
0.9753539812707659 0.009753864943706662 -1.746021040348004 -0.9753539812707659 -0.009753864943706662 1.746021040348004 0.0 0.0 1.0 1.0471975511965976 0.66 0.66
0.9203867222489197 0.0092041740303356 -1.7756135741450922 -0.9203867222489197 -0.0092041740303356 1.7756135741450922 0.0 0.0 1.0 1.0471975511965976 0.66 0.66
0.8645226798727071 0.00864551498448113 -1.8034760300753558 -0.8645226798727071 -0.00864551498448113 1.8034760300753558 0.0 0.0 1.0 1.0471975511965976 0.66 0.66
0.8078162855480783 0.008078432138347285 -1.8295812602170727 -0.8078162855480783 -0.008078432138347285 1.8295812602170727 0.0 0.0 1.0 1.0471975511965976 0.66 0.66
0.7503227914307701 0.007503478031909553 -1.8539038288101575 -0.7503227914307701 -0.007503478031909553 1.8539038288101575 0.0 0.0 1.0 1.0471975511965976 0.66 0.66
0.692098216591097 0.006921212874544851 -1.8764200370396198 -0.692098216591097 -0.006921212874544851 1.8764200370396198 0.0 0.0 1.0 1.0471975511965976 0.66 0.66
0.6331992924314886 0.006332203999188696 -1.8971079461266231 -0.6331992924314886 -0.006332203999188696 1.8971079461266231 0.0 0.0 1.0 1.0471975511965976 0.66 0.66
0.5736834074099689 0.005737025309551581 -1.9159473987046423 -0.5736834074099689 -0.005737025309551581 1.9159473987046423 0.0 0.0 1.0 1.0471975511965976 0.66 0.66
0.5136085511234313 0.0051362567209330785 -1.932920038459891 -0.5136085511234313 -0.0051362567209330785 1.932920038459891 0.0 0.0 1.0 1.0471975511965976 0.66 0.66
0.45303325780518294 0.004530483595178453 -1.9480093280168902 -0.45303325780518294 -0.004530483595178453 1.9480093280168902 0.0 0.0 1.0 1.0471975511965976 0.66 0.66
0.39201654929182783 0.003920296170328475 -1.9612005650517401 -0.39201654929182783 -0.003920296170328475 1.9612005650517401 0.0 0.0 1.0 1.0471975511965976 0.66 0.66
0.33061787751505056 0.003306288985518094 -1.9724808966174012 -0.33061787751505056 -0.003306288985518094 1.9724808966174012 0.0 0.0 1.0 1.0471975511965976 0.66 0.66
0.2688970665743279 0.002689060301684243 -1.9818393316670289 -0.2688970665743279 -0.002689060301684243 1.9818393316670289 0.0 0.0 1.0 1.0471975511965976 0.66 0.66
0.20691425444702402 0.0020692115186473573 -1.9892667517631524 -0.20691425444702402 -0.0020692115186473573 1.9892667517631524 0.0 0.0 1.0 1.0471975511965976 0.66 0.66
0.14472983439265746 0.0014473465891345146 -1.9947559199622706 -0.14472983439265746 -0.0014473465891345146 1.9947559199622706 0.0 0.0 1.0 1.0471975511965976 0.66 0.66
0.0824043961084241 0.0008240714303150468 -1.9983014878662038 -0.0824043961084241 -0.0008240714303150468 1.9983014878662038 0.0 0.0 1.0 1.0471975511965976 0.66 0.66
